dt: 0.001
tire: 12
gear_a: 37
gear_b: 8
max_duty: 99.9
Ke: 0.00036
Km: 0.00352
Resist: 2.93
Mass: 0.015
Lm: 0.00025
motor_pid:
  p: 0.175
  i: 0.0175
  d: 0.001
gyro_pid:
  p: 2.5
  i: 0.75
  d: 0
sensor_pid:
  p: 0.1
  i: 0.0
  d: 0.0
sensor_pid_dia:
  p: 0.1
  i: 0.0
  d: 0.0
gyro_param:
  gyro_w_gain_right: 0.0002645
  gyro_w_gain_left: 0.0002645
