dt: 0.001
tire: 12
gear_a: 37
gear_b: 8
max_duty: 99.9
Ke: 0.00036
Km: 0.00352
Resist: 2.93
Mass: 0.015
Lm: 0.00025
motor_pid:
  p: 0.175
  i: 0.04
  d: 0.001
gyro_pid:
  p: 10.0
  i: 0.25
  d: 0
sensor_pid:
  p: 0.1
  i: 0.0
  d: 0.0
sensor_pid_dia:
  p: 0.1
  i: 0.0
  d: 0.0
gyro_param:
  gyro_w_gain_right: 0.00106475
  gyro_w_gain_left: 0.00106475
  lp_delay: 0.1
battery_param:
  lp_delay: 0.25
led_param:
  lp_delay: 0.25
