dt: 0.001
tire: 13.595
offset_start_dist: 16.0
gear_a: 37
gear_b: 8
max_duty: 99.9
FF_front: 1
FF_roll: 1
FF_keV: 1
# Ke: 0.00275
# Ke: 0.0045
# Km: 0.00275
Ke: 0.00305
Km: 0.0005
Resist: 2.93
Mass: 0.015
# Lm: 0.0000025
# Lm: 0.000025
Lm: 0.00000025
sakiyomi_time: 40
motor_pid:
  p: 0.002
  i: 0.0035
  d: 0.0
  mode: 1
  # p: 0.0
  # i: 0.0
  # d: 0.0
dist_pid:
  p: 0.0
  i: 0.0285
  d: 0.2
  mode: 1
  # p: 0.0
  # i: 0.0
  # d: 0.0
gyro_pid:
  p: 0.15
  i: 0.0065
  d: 0.0
  mode: 1
  # p: 0.0
  # i: 0.0
  # d: 0
angle_pid:
  p: 0.0
  i: 0.05
  d: 40.5
  mode: 1
  # p: 0.0
  # i: 0.0
  # d: 0.0
sensor_pid:
  p: 0.0125
  i: 0.0
  d: 0.0
  mode: 0
sensor_pid_dia:
  p: 0.1
  i: 0.0
  d: 0.0
  mode: 1
gyro_param:
  gyro_w_gain_right: 0.0010585
  gyro_w_gain_left: 0.0010585
  lp_delay: 0.9975
battery_param:
  lp_delay: 0.25
led_param:
  lp_delay: 0.925
kalman_config:
  # q_ang: 0.01 #大：応答早
  # q_bias: 0.01 # 大：gyro_wの値を類似する
  # r_measure: 0.8 #大：応答送れ
  q_ang: 2 #大：応答早
  q_bias: 0.003 # 大：gyro_wの値を類似する
  r_measure: 0.03 #大：応答送れ
