normal:
  ref:
    right45: 400
    left45: 260
    front: 500
    kireme_r: 1
    kireme_l: 1
  exist:
    right45: 48
    left45: 48
    front: 80
    kireme_r: 100 #右90壁有無
    kireme_l: 100 #左90壁有無
    right90: 0
    left90: 0
dia:
  ref:
    right45: 1000
    left45: 1000
  exist:
    right45: 70
    left45: 70
search:
  exist:
    front: 130
    right45: 58
    left45: 58
    right90: 58
    left90: 58
    
    kireme_r: 800 #切れ目しきい値 R
    kireme_l: 800 #切れ目しきい値 L

    offset_r: 4.5 #切れ目後距離
    offset_l: 6.5 #切れ目後距離

    front_ctrl_th: 200
    front_ctrl: 300
gain:
  L90: [795.13351491, 64.87488637]
  L45: [549.5122194  ,54.021394 ]
  F: [1051.93557016, 84.66555251]
  R45: [566.07606383, 49.31648067]
  R90: [888.65512536, 76.89777941]

  # L90: [891.95628279 , 73.18117699]
  # L45: [666.61011918,  60.1190994 ]
  # F: [1051.93557016  , 84.66555251]
  # R45: [566.07606383 , 49.31648067]
  # R90: [888.65512536  ,76.89777941]