normal:
  ref:
    right45: 400
    left45: 260
    front: 47
    kireme_r: 0.50
    kireme_l: 0.50
  exist:
    right45: 46
    left45: 46
    # right45: 48
    # left45: 48
    front: 65 #80
    kireme_r: 100 #右90壁有無
    kireme_l: 100 #左90壁有無
    right90: 60
    left90: 60
dia:
  ref:
    right90: 100
    left90: 135
    kireme_r: 160
    kireme_l: 160
  exist:
    right90: 100
    left90: 135
search:
  exist:
    front: 130
    right45: 80
    left45: 80

    right90: 58
    left90: 58

    kireme_r: -0.250 #切れ目しきい値 R
    kireme_l: 1.0 #切れ目しきい値 L

    offset_r: 25 #前壁制御　左右値差　しきい値
    offset_l: 40 #前壁制御　duty max値

    front_ctrl_th: 200
    front_ctrl: 45
gain:
  F: [896.44499125, 61.32583049]

  # L45: [688.56068628, 68.75862601]
  # R45: [524.19466713, 49.66619063]
  # L45: [664.8142792661641, 61.442685774227876]
  # R45: [598.8638984360487, 62.164314509391616]
  L45: [664.8142792661641, 66.442685774227876]
  R45: [598.8638984360487, 64.164314509391616]

  # L90: [659.54323297, 41.89594021]
  # R90: [760.749638, 52.15769145]
  L90: [661.9643577904249, 44.52089376039654]
  R90: [790.5740062895424, 54.850672053568445]
