normal:
  ref:
    right45: 45.5
    left45: 46.0
    front: 47
    kireme_r: 1.50
    kireme_l: 1.50
  exist:
    right45: 48
    left45: 48
    # right45: 48
    # left45: 48
    front: 65 #80
    kireme_r: 100 #右90壁有無
    kireme_l: 100 #左90壁有無
    right90: 60
    left90: 60
normal2: #壁なし補正時
  ref:
    right45: 59
    left45: 61
    # front: 47
    kireme_r: 90
    kireme_l: 90
  exist:
    right45: 59
    left45: 61
    # right45: 48
    # left45: 48
    front: 0.125 #80
    # kireme_r: 100 #右90壁有無
    # kireme_l: 100 #左90壁有無
    right90: 100
    left90: 100
dia:
  ref:
    right90: 100
    left90: 135
    kireme_r: 160
    kireme_l: 160
  exist:
    right90: 100 # dia.ref.right90と同じ
    left90: 135 # dia.ref.left90と同じ
search:
  ref:
    right45: 38
    left45: 38
    right90: 55
    left90: 55
    kireme_r: 0
    kireme_l: 0
  exist:
    front: 135
    right45: 65
    left45: 65

    right90: 58
    left90: 58

    # kireme_r: 1.5 #前壁補正：角度
    # kireme_r: 0.45 #前壁補正：角度
    kireme_l: 1.0 #切れ目しきい値 L

    offset_r: 25 #前壁制御　左右値差　しきい値
    offset_l: 35 #前壁制御　duty max値

    front_ctrl_th: 56
    front_ctrl: 46.0
    # kireme_r: -0.75 #前壁補正：角度
    kireme_r: 0.5 #前壁補正：角度
gain:
  F: [1045.261252658666, 93.66899135977148]
  L45: [813.2495271549369, 86.8557918686048]
  R45: [495.4023417659542, 35.20349645831235]
  # L90: [1079.6374969745661, 97.36125557594731]
  # R90: [1153.4789763176623, 108.44513919600064]
  L90: [939.71341083864, 78.33202002641947]
  R90: [864.1609195775883, 67.38643797270241]