normal:
  ref:
    right45: 45.0
    left45: 45.0
    front: 47
    kireme_r: 1.750
    kireme_l: 1.750
  exist:
    right45: 46.5
    left45: 46.5
    # right45: 48
    # left45: 48
    # front: 65 #80
    front: 70 #80
    kireme_r: 100 #右90壁有無
    kireme_l: 100 #左90壁有無
    right90: 60
    left90: 60
normal2: #壁なし補正時
  ref:
    right45: 59
    left45: 61
    # front: 47
    kireme_r: 90
    kireme_l: 90
  exist:
    right45: 59
    left45: 61
    # right45: 48
    # left45: 48
    front: 0.125 #80
    # kireme_r: 100 #右90壁有無
    # kireme_l: 100 #左90壁有無
    right90: 100
    left90: 100
dia:
  ref:
    right90: 130
    left90: 130
    kireme_r: 160
    kireme_l: 160
  exist:
    right90: 130 # dia.ref.right90と同じ
    left90: 130 # dia.ref.left90と同じ
search:
  ref:
    right45: 38
    left45: 38
    right90: 55
    left90: 55
    kireme_r: 0
    kireme_l: 0
  exist:
    front: 135
    right45: 70
    left45: 70

    right90: 58
    left90: 58

    # kireme_r: 1.5 #前壁補正：角度
    # kireme_r: 0.45 #前壁補正：角度
    kireme_l: 1.0 #切れ目しきい値 L

    offset_r: 25 #前壁制御　左右値差　しきい値
    offset_l: 35 #前壁制御　duty max値

    front_ctrl_th: 56
    # 前壁補正
    front_ctrl: 45.50
    # kireme_r: 0.95 #前壁補正：角度
    kireme_r: -0.5  #前壁補正：角度
gain:
  F: [0.7, 1]

  L45: [666.1679192986228, 67.25709362510756]
  R45: [792.1533569840748, 79.42828690683945]

  # L90_near: [1445.3875235433493, 129.95903952140716]
  # R90_near: [1001.3773407254814, 79.93848180361113]
  # L90_mid: [1445.3875235433493, 129.95903952140716]
  # R90_mid: [1001.3773407254814, 79.93848180361113]

  # L90_far: [1949.4349113740536, 220.52027330034505]
  # R90_far: [1342.672710366113, 139.53851572886308]

  L90_near: [941.8130912545338, 72.47240521486857]
  R90_near: [922.9495935185455, 70.54234497414349]
  L90_mid: [941.8130912545338, 72.47240521486857]
  R90_mid: [922.9495935185455, 70.54234497414349]
  L90_far: [1002.7124973124874, 82.58811545411493]
  R90_far: [1015.7520418986097, 86.2903834272907]
