normal:
  ref:
    right45: 45.0
    left45: 45.0
    front: 47
    kireme_r: 1.50
    kireme_l: 1.50
  exist:
    right45: 46.5
    left45: 46.5
    # right45: 48
    # left45: 48
    front: 65 #80
    kireme_r: 100 #右90壁有無
    kireme_l: 100 #左90壁有無
    right90: 60
    left90: 60
normal2: #壁なし補正時
  ref:
    right45: 59
    left45: 61
    # front: 47
    kireme_r: 90
    kireme_l: 90
  exist:
    right45: 59
    left45: 61
    # right45: 48
    # left45: 48
    front: 0.125 #80
    # kireme_r: 100 #右90壁有無
    # kireme_l: 100 #左90壁有無
    right90: 100
    left90: 100
dia:
  ref:
    right90: 100
    left90: 135
    kireme_r: 160
    kireme_l: 160
  exist:
    right90: 100 # dia.ref.right90と同じ
    left90: 135 # dia.ref.left90と同じ
search:
  ref:
    right45: 38
    left45: 38
    right90: 55
    left90: 55
    kireme_r: 0
    kireme_l: 0
  exist:
    front: 135
    right45: 70
    left45: 70

    right90: 58
    left90: 58

    # kireme_r: 1.5 #前壁補正：角度
    # kireme_r: 0.45 #前壁補正：角度
    kireme_l: 1.0 #切れ目しきい値 L

    offset_r: 25 #前壁制御　左右値差　しきい値
    offset_l: 35 #前壁制御　duty max値

    front_ctrl_th: 56
    # 前壁補正
    front_ctrl: 45.5
    kireme_r: 0.95 #前壁補正：角度
gain:
  F: [1045.261252658666, 93.66899135977148]

  # L45: [745.5747570862634, 73.67080233286293]
  # R45: [766.0349777974012, 75.3661226200699]
  L45: [745.5747570862634, 80.07080233286293]
  R45: [766.0349777974012, 76.5661226200699]
  # L90_near: [1242.5863404339627, 109.40947237609431]
  # R90_near: [855.0907795918864, 62.85196543381717]
  # L90_far: [1242.5863404339627, 109.40947237609431]
  # R90_far: [855.0907795918864, 62.85196543381717]

  L90_near: [1421.8559115936816, 129.65807659119633]
  R90_near: [875.2784650002372, 64.6692713119505]
  L90_far: [1421.8559115936816, 129.65807659119633]
  R90_far: [875.2784650002372, 64.6692713119505]