normal:
  ref:
    right45: 45
    left45: 46.0
    front: 47
    kireme_r: 1.50
    kireme_l: 1.50
  exist:
    right45: 46.5
    left45: 47.5
    # right45: 48
    # left45: 48
    front: 65 #80
    kireme_r: 100 #右90壁有無
    kireme_l: 100 #左90壁有無
    right90: 60
    left90: 60
normal2: #壁なし補正時
  ref:
    right45: 59
    left45: 61
    # front: 47
    kireme_r: 90
    kireme_l: 90
  exist:
    right45: 59
    left45: 61
    # right45: 48
    # left45: 48
    front: 0.125 #80
    # kireme_r: 100 #右90壁有無
    # kireme_l: 100 #左90壁有無
    right90: 100
    left90: 100
dia:
  ref:
    right90: 100
    left90: 135
    kireme_r: 160
    kireme_l: 160
  exist:
    right90: 100 # dia.ref.right90と同じ
    left90: 135 # dia.ref.left90と同じ
search:
  ref:
    right45: 38
    left45: 38
    right90: 55
    left90: 55
    kireme_r: 0
    kireme_l: 0
  exist:
    front: 135
    right45: 60
    left45: 60

    right90: 58
    left90: 58

    # kireme_r: 1.5 #前壁補正：角度
    # kireme_r: 0.45 #前壁補正：角度
    kireme_l: 1.0 #切れ目しきい値 L

    offset_r: 25 #前壁制御　左右値差　しきい値
    offset_l: 35 #前壁制御　duty max値

    front_ctrl_th: 56
    front_ctrl: 46.0
    # kireme_r: -0.75 #前壁補正：角度
    kireme_r: -0.5 #前壁補正：角度
gain:
  F: [1045.261252658666, 93.66899135977148]
  # L45: [682.6676329367576, 67.53090517262268]
  # R45: [417.79380553801263, 29.122723581924973]
  L45: [682.6676329367576, 68.03090517262268]
  R45: [417.79380553801263, 26.522723581924973]

  L90_far: [457.2329862658282, 2.302697697474626]
  R90_far: [266.6035966147273, -29.819684898330543]

  L90_near: [824.5999570113147, 58.87163134321146]
  R90_near: [758.6783730756497, 48.565874466334215]
