normal:
  ref:
    right45: 400
    left45: 260
    front: 47
    kireme_r: 0.50
    kireme_l: 0.50
  exist:
    right45: 5
    left45: 50
    # right45: 48
    # left45: 48
    front: 65 #80
    kireme_r: 100 #右90壁有無
    kireme_l: 100 #左90壁有無
    right90: 60
    left90: 60
dia:
  ref:
    right45: 1000
    left45: 1000
  exist:
    right45: 70
    left45: 70
search:
  exist:
    front: 130
    right45: 58
    left45: 58

    right90: 58
    left90: 58

    kireme_r: -1.0 #切れ目しきい値 R
    kireme_l: 1.0 #切れ目しきい値 L

    offset_r: 25 #前壁制御　左右値差　しきい値
    offset_l: 35 #前壁制御　duty max値

    front_ctrl_th: 200
    front_ctrl: 45
gain:
  F: [896.44499125, 61.32583049]

  L45: [688.56068628, 68.75862601]
  R45: [524.19466713, 49.66619063]

  # L90: [569.96978997, 20.18067327]
  # R90: [731.72262148, 39.42499047]

  # L90: [569.96979056, 30.1806734]
  # R90: [731.72262123, 48.42499042]
  L90: [659.54323297, 41.89594021]
  R90: [760.749638, 52.15769145]
