normal:
  ref:
    right45: 43.75
    left45: 45.25
    front: 47
    kireme_r: 1.50
    kireme_l: 1.50
  exist:
    right45: 46
    left45: 46
    # right45: 48
    # left45: 48
    front: 65 #80
    kireme_r: 100 #右90壁有無
    kireme_l: 100 #左90壁有無
    right90: 60
    left90: 60
normal2: #壁なし補正時
  ref:
    right45: 59
    left45: 61
    # front: 47
    kireme_r: 90
    kireme_l: 90
  exist:
    right45: 59
    left45: 61
    # right45: 48
    # left45: 48
    front: 0.125 #80
    # kireme_r: 100 #右90壁有無
    # kireme_l: 100 #左90壁有無
    right90: 100
    left90: 100
dia:
  ref:
    right90: 130
    left90: 150
    kireme_r: 160
    kireme_l: 160
  exist:
    right90: 130
    left90: 150
search:
  ref:
    right45: 38
    left45: 38
    right90: 52
    left90: 52
    kireme_r: 0
    kireme_l: 0
  exist:
    front: 135
    right45: 80
    left45: 80

    right90: 58
    left90: 58

    # kireme_r: 1.5 #前壁補正：角度
    # kireme_r: 0.45 #前壁補正：角度
    kireme_r: 2.5 #前壁補正：角度
    kireme_l: 1.0 #切れ目しきい値 L

    offset_r: 25 #前壁制御　左右値差　しきい値
    offset_l: 35 #前壁制御　duty max値

    front_ctrl_th: 56
    front_ctrl: 52
gain:
  F: [896.44499125, 61.32583049]

  # L45: [714.2795955570657, 73.73660721515468]
  # R45: [685.2806853869541, 62.932365669255205]
  L45: [714.2795955570657, 73.73660721515468]
  R45: [685.2806853869541, 62.932365669255205]

  # L90: [627.5509986325847, 33.86839337670312]
  # R90: [708.7006318851577, 41.09456413015492]
  L90: [627.5509986325847, 31.86839337670312]
  R90: [708.7006318851577, 35.09456413015492]
