normal:
  ref:
    right45: 45.5
    left45: 44.0
    front: 47
    kireme_r: 0.50
    kireme_l: 0.50
  exist:
    right45: 46
    left45: 46
    # right45: 48
    # left45: 48
    front: 65 #80
    kireme_r: 100 #右90壁有無
    kireme_l: 100 #左90壁有無
    right90: 60
    left90: 60
normal2: #壁なし補正時
  ref:
    right45: 59
    left45: 61
    # front: 47
    kireme_r: 90
    kireme_l: 90
  exist:
    right45: 59
    left45: 61
    # right45: 48
    # left45: 48
    front: 0.125 #80
    # kireme_r: 100 #右90壁有無
    # kireme_l: 100 #左90壁有無
    right90: 100
    left90: 100
dia:
  ref:
    right90: 130
    left90: 150
    kireme_r: 160
    kireme_l: 160
  exist:
    right90: 130
    left90: 150
search:
  ref:
    right45: 38
    left45: 38
    right90: 52
    left90: 52
    kireme_r: 0
    kireme_l: 0
  exist:
    front: 130
    right45: 80
    left45: 80

    right90: 58
    left90: 58

    # kireme_r: 1.5 #前壁補正：角度
    # kireme_r: 0.45 #前壁補正：角度
    kireme_r: 1.5 #前壁補正：角度
    kireme_l: 1.0 #切れ目しきい値 L

    offset_r: 25 #前壁制御　左右値差　しきい値
    offset_l: 30 #前壁制御　duty max値

    front_ctrl_th: 200
    front_ctrl: 48
gain:
  F: [896.44499125, 61.32583049]

  # L45: [688.56068628, 68.75862601]
  # R45: [524.19466713, 49.66619063]
  # L45: [664.8142792661641, 61.442685774227876]
  # R45: [598.8638984360487, 62.164314509391616]
  L45: [664.8142792661641, 66.442685774227876]
  R45: [598.8638984360487, 64.164314509391616]

  # L90: [659.54323297, 41.89594021]
  # R90: [760.749638, 52.15769145]
  L90: [661.9643577904249, 44.52089376039654]
  R90: [790.5740062895424, 54.850672053568445]
