normal:
  v: 300
  ang: 90
  rad: 26
  pow_n: 4
  time: 0.08918750000000376
  front: { left: 13.309551448077618, right: 13.309551448077618 }
  back: { left: 16.188284437974183, right: 16.188284437974183 }
