dia135_2:
  v: 300
  ang: 135
  rad: 40
  pow_n: 4
  time: 0.2058281249999709
  front: { left: 22.745778970907438, right: 22.745778970907438 }
  back: { left: 40.58991340380791, right: 40.58991340380791 }
