dia45:
  v: 500
  ang: 45
  rad: 52
  pow_n: 4
  time: 0.05351562499999584
  front: { left: 16.231933474340465, right: 16.231933474340465 }
  back: { left: 37.646077742594585, right: 37.646077742594585 }
