orval:
  v: 1300
  ang: 180
  rad: 54
  pow_n: 2
  time: 0.1081406250000101
  front: { left: 6.853755193725798e+17, right: 6.853755193725798e+17 }
  back: { left: 6.853755193725798e+17, right: 6.853755193725798e+17 }
