dia45:
  v: 1200
  ang: 45
  rad: 52
  pow_n: 4
  time: 0.022296874999999276
  front: { left: 10.795739370168445, right: 10.795739370168445 }
  back: { left: 43.22535324431372, right: 43.22535324431372 }
dia135:
  v: 1200
  ang: 135
  rad: 45
  pow_n: 4
  time: 0.05789062499999536
  front: { left: 11.659261990597546, right: 11.659261990597546 }
  back: { left: 27.157077829131946, right: 27.157077829131946 }
