normal:
  v: 300
  ang: 90
  rad: 26
  pow_n: 2
  time: 0.11281250000001165
  front: { left: 5.78880106421743, right: 5.78880106421743 }
  back: { left: 9.466694915341364, right: 9.466694915341364 }
