normal:
  v: 380
  ang: 90
  rad: 26
  pow_n: 4
  time: 0.0704218749999975
  front: { left: 13.063333437449968, right: 13.063333437449968 }
  back: { left: 16.586878205318843, right: 16.586878205318843 }
