large:
  v: 300
  ang: 90
  rad: 60
  pow_n: 4
  time: 0.2058281249999709
  front: { left: 17.122290615182067, right: 17.122290615182067 }
  back: { left: 23.312116483413334, right: 23.312116483413334 }
