orval:
  v: 500
  ang: 180
  rad: 54
  pow_n: 2
  time: 0.2811406249999845
  front: { left: 6.144082533671689e+17, right: 6.144082533671689e+17 }
  back: { left: 6.144082533671689e+17, right: 6.144082533671689e+17 }
