normal:
  v: 350
  ang: 90
  rad: 26
  pow_n: 4
  time: 0.07645312499999951
  front: { left: 13.165771389376362, right: 13.165771389376362 }
  back: { left: 16.489297359370692, right: 16.489297359370692 }
