normal:
  v: 300
  ang: 90
  rad: 26
  pow_n: 4
  time: 0.08918750000000376
  front: { left: 13.276779963521628, right: 13.276779963521628 }
  back: { left: 15.854125853786798, right: 15.854125853786798 }
